#depth	Na 1	Na 2	Na 3	Na 4	Na 5	Na 6	Na 7	Na 8	Na 9	Na10	Na11	Na12
 1.33294e+20	3.67e-15	3.56e-09	1.39e-05	4.13e-03	1.08e-01	3.74e-01	4.08e-01	8.37e-02	1.49e-02	6.78e-03	1.58e-04	1.05e-06
 7.99765e+20	5.27e-15	4.87e-09	1.77e-05	4.90e-03	1.20e-01	3.86e-01	3.94e-01	7.59e-02	1.29e-02	5.61e-03	1.22e-04	7.58e-07
 1.85196e+21	2.34e-14	1.74e-08	4.72e-05	9.63e-03	1.79e-01	4.24e-01	3.29e-01	4.89e-02	6.82e-03	2.49e-03	4.03e-05	0.00e+00
 2.61857e+21	1.33e-13	7.55e-08	1.44e-04	2.02e-02	2.67e-01	4.39e-01	2.44e-01	2.67e-02	2.99e-03	8.78e-04	9.99e-06	0.00e+00
 2.92805e+21	3.97e-13	1.90e-07	2.86e-04	3.13e-02	3.31e-01	4.27e-01	1.91e-01	1.72e-02	1.68e-03	4.27e-04	3.85e-06	0.00e+00
 3.00542e+21	5.17e-13	2.37e-07	3.37e-04	3.46e-02	3.47e-01	4.22e-01	1.79e-01	1.54e-02	1.46e-03	3.58e-04	3.04e-06	0.00e+00
 3.03359e+21	5.64e-13	2.54e-07	3.55e-04	3.57e-02	3.52e-01	4.20e-01	1.75e-01	1.48e-02	1.39e-03	3.37e-04	2.82e-06	0.00e+00
 3.06279e+21	6.00e-13	2.68e-07	3.69e-04	3.66e-02	3.56e-01	4.19e-01	1.72e-01	1.44e-02	1.34e-03	3.23e-04	2.66e-06	0.00e+00
 3.10076e+21	6.55e-13	2.89e-07	3.90e-04	3.78e-02	3.61e-01	4.17e-01	1.69e-01	1.39e-02	1.28e-03	3.03e-04	2.45e-06	0.00e+00
 3.15011e+21	7.35e-13	3.18e-07	4.19e-04	3.95e-02	3.68e-01	4.14e-01	1.63e-01	1.32e-02	1.19e-03	2.80e-04	2.20e-06	0.00e+00
 3.21427e+21	8.56e-13	3.61e-07	4.60e-04	4.18e-02	3.77e-01	4.10e-01	1.57e-01	1.23e-02	1.09e-03	2.51e-04	1.91e-06	0.00e+00
 3.28253e+21	1.05e-12	4.28e-07	5.21e-04	4.51e-02	3.90e-01	4.04e-01	1.48e-01	1.12e-02	9.74e-04	2.17e-04	1.58e-06	0.00e+00
 3.34075e+21	1.26e-12	4.99e-07	5.83e-04	4.82e-02	4.01e-01	3.98e-01	1.41e-01	1.03e-02	8.74e-04	1.90e-04	1.33e-06	0.00e+00
 3.38865e+21	1.47e-12	5.68e-07	6.41e-04	5.10e-02	4.10e-01	3.93e-01	1.35e-01	9.57e-03	7.97e-04	1.70e-04	1.14e-06	0.00e+00
 3.42845e+21	1.67e-12	6.33e-07	6.94e-04	5.35e-02	4.18e-01	3.89e-01	1.29e-01	8.99e-03	7.37e-04	1.54e-04	1.01e-06	0.00e+00
 3.46195e+21	1.87e-12	6.95e-07	7.42e-04	5.56e-02	4.25e-01	3.85e-01	1.25e-01	8.52e-03	6.89e-04	1.42e-04	9.04e-07	0.00e+00
 3.49042e+21	2.06e-12	7.52e-07	7.86e-04	5.75e-02	4.30e-01	3.81e-01	1.21e-01	8.13e-03	6.50e-04	1.32e-04	0.00e+00	0.00e+00
 3.51481e+21	2.23e-12	8.05e-07	8.26e-04	5.92e-02	4.35e-01	3.78e-01	1.18e-01	7.81e-03	6.18e-04	1.24e-04	0.00e+00	0.00e+00
 3.53585e+21	2.40e-12	8.56e-07	8.64e-04	6.08e-02	4.39e-01	3.75e-01	1.16e-01	7.54e-03	5.91e-04	1.17e-04	0.00e+00	0.00e+00
 3.55411e+21	2.56e-12	9.02e-07	8.97e-04	6.21e-02	4.43e-01	3.73e-01	1.13e-01	7.30e-03	5.68e-04	1.12e-04	0.00e+00	0.00e+00
 3.57001e+21	2.70e-12	9.45e-07	9.28e-04	6.33e-02	4.46e-01	3.70e-01	1.11e-01	7.10e-03	5.49e-04	1.07e-04	0.00e+00	0.00e+00
 3.58393e+21	2.84e-12	9.84e-07	9.55e-04	6.44e-02	4.49e-01	3.68e-01	1.10e-01	6.93e-03	5.33e-04	1.03e-04	0.00e+00	0.00e+00
 3.59614e+21	2.96e-12	1.02e-06	9.81e-04	6.54e-02	4.51e-01	3.67e-01	1.08e-01	6.78e-03	5.18e-04	9.98e-05	0.00e+00	0.00e+00
 3.60689e+21	3.08e-12	1.05e-06	1.00e-03	6.63e-02	4.54e-01	3.65e-01	1.07e-01	6.65e-03	5.06e-04	9.69e-05	0.00e+00	0.00e+00
 3.61669e+21	3.18e-12	1.08e-06	1.02e-03	6.70e-02	4.56e-01	3.64e-01	1.06e-01	6.54e-03	4.95e-04	9.44e-05	0.00e+00	0.00e+00
 3.62615e+21	3.29e-12	1.11e-06	1.04e-03	6.78e-02	4.57e-01	3.62e-01	1.05e-01	6.43e-03	4.85e-04	9.21e-05	0.00e+00	0.00e+00
 3.63547e+21	3.40e-12	1.14e-06	1.06e-03	6.85e-02	4.59e-01	3.61e-01	1.03e-01	6.33e-03	4.76e-04	8.98e-05	0.00e+00	0.00e+00
 3.64467e+21	3.50e-12	1.17e-06	1.08e-03	6.93e-02	4.61e-01	3.60e-01	1.02e-01	6.23e-03	4.66e-04	8.76e-05	0.00e+00	0.00e+00
 3.65374e+21	3.62e-12	1.20e-06	1.11e-03	7.00e-02	4.63e-01	3.58e-01	1.01e-01	6.13e-03	4.57e-04	8.55e-05	0.00e+00	0.00e+00
 3.66269e+21	3.73e-12	1.24e-06	1.13e-03	7.08e-02	4.64e-01	3.57e-01	1.00e-01	6.03e-03	4.48e-04	8.35e-05	0.00e+00	0.00e+00
 3.67151e+21	3.84e-12	1.27e-06	1.15e-03	7.15e-02	4.66e-01	3.56e-01	9.93e-02	5.94e-03	4.39e-04	8.15e-05	0.00e+00	0.00e+00
 3.68023e+21	3.96e-12	1.30e-06	1.17e-03	7.23e-02	4.68e-01	3.54e-01	9.83e-02	5.85e-03	4.31e-04	7.96e-05	0.00e+00	0.00e+00
 3.68882e+21	4.08e-12	1.33e-06	1.19e-03	7.30e-02	4.69e-01	3.53e-01	9.73e-02	5.76e-03	4.23e-04	7.77e-05	0.00e+00	0.00e+00
 3.69404e+21	4.21e-12	1.37e-06	1.21e-03	7.37e-02	4.71e-01	3.52e-01	9.63e-02	5.67e-03	4.15e-04	7.59e-05	0.00e+00	0.00e+00
