#depth	C  1	C  2	C  3	C  4	C  5	C  6	C  7	C1	C1*	C1**	C2	C2*	CO
 1.33294e+20	4.67e-10	1.16e-05	2.63e-03	1.81e-02	4.92e-01	4.20e-01	6.72e-02	4.67e-10	2.79e-13	5.91e-14	1.16e-05	2.39e-10	2.82e-38
 7.99765e+20	4.93e-10	1.41e-05	3.08e-03	2.02e-02	5.10e-01	4.06e-01	6.05e-02	4.92e-10	3.12e-13	6.61e-14	1.41e-05	2.98e-10	4.47e-38
 1.85243e+21	9.29e-10	3.08e-05	5.75e-03	3.05e-02	5.80e-01	3.45e-01	3.86e-02	9.28e-10	7.56e-13	1.60e-13	3.08e-05	7.29e-10	3.94e-37
 2.62391e+21	2.59e-09	7.32e-05	1.14e-02	4.75e-02	6.46e-01	2.73e-01	2.18e-02	2.58e-09	2.81e-12	5.97e-13	7.32e-05	2.03e-09	5.77e-36
 2.93891e+21	5.06e-09	1.22e-04	1.69e-02	6.09e-02	6.76e-01	2.31e-01	1.50e-02	5.05e-09	6.57e-12	1.39e-12	1.22e-04	3.77e-09	2.99e-35
 3.01766e+21	6.15e-09	1.41e-04	1.89e-02	6.53e-02	6.83e-01	2.20e-01	1.34e-02	6.14e-09	8.41e-12	1.78e-12	1.41e-04	4.50e-09	4.80e-35
 3.04528e+21	6.47e-09	1.46e-04	1.94e-02	6.64e-02	6.84e-01	2.17e-01	1.30e-02	6.45e-09	8.96e-12	1.90e-12	1.46e-04	4.72e-09	5.44e-35
 3.07259e+21	6.72e-09	1.50e-04	1.99e-02	6.73e-02	6.86e-01	2.14e-01	1.27e-02	6.71e-09	9.41e-12	2.00e-12	1.50e-04	4.89e-09	5.97e-35
 3.10810e+21	7.07e-09	1.56e-04	2.05e-02	6.85e-02	6.87e-01	2.11e-01	1.24e-02	7.06e-09	1.00e-11	2.13e-12	1.56e-04	5.12e-09	6.76e-35
 3.15425e+21	7.54e-09	1.64e-04	2.12e-02	7.02e-02	6.89e-01	2.08e-01	1.19e-02	7.53e-09	1.09e-11	2.31e-12	1.64e-04	5.44e-09	7.93e-35
 3.21426e+21	8.25e-09	1.75e-04	2.23e-02	7.23e-02	6.91e-01	2.03e-01	1.13e-02	8.24e-09	1.22e-11	2.59e-12	1.75e-04	5.89e-09	9.83e-35
 3.28869e+21	9.35e-09	1.91e-04	2.38e-02	7.51e-02	6.94e-01	1.96e-01	1.06e-02	9.33e-09	1.43e-11	3.02e-12	1.91e-04	6.57e-09	1.31e-34
 3.36316e+21	1.07e-08	2.11e-04	2.57e-02	7.88e-02	6.97e-01	1.88e-01	9.68e-03	1.07e-08	1.69e-11	3.59e-12	2.11e-04	7.45e-09	1.84e-34
 3.42498e+21	1.21e-08	2.30e-04	2.75e-02	8.21e-02	7.00e-01	1.82e-01	8.99e-03	1.20e-08	1.97e-11	4.19e-12	2.30e-04	8.32e-09	2.46e-34
 3.47610e+21	1.34e-08	2.48e-04	2.91e-02	8.49e-02	7.01e-01	1.76e-01	8.45e-03	1.34e-08	2.25e-11	4.77e-12	2.48e-04	9.13e-09	3.16e-34
 3.51892e+21	1.46e-08	2.64e-04	3.05e-02	8.73e-02	7.02e-01	1.72e-01	8.01e-03	1.46e-08	2.51e-11	5.32e-12	2.64e-04	9.88e-09	3.90e-34
 3.55520e+21	1.57e-08	2.79e-04	3.18e-02	8.94e-02	7.03e-01	1.68e-01	7.64e-03	1.57e-08	2.76e-11	5.85e-12	2.79e-04	1.06e-08	4.67e-34
 3.58621e+21	1.68e-08	2.92e-04	3.29e-02	9.12e-02	7.04e-01	1.64e-01	7.35e-03	1.68e-08	3.00e-11	6.36e-12	2.92e-04	1.12e-08	5.47e-34
 3.61291e+21	1.77e-08	3.04e-04	3.39e-02	9.29e-02	7.04e-01	1.62e-01	7.09e-03	1.77e-08	3.21e-11	6.82e-12	3.04e-04	1.18e-08	6.26e-34
 3.63603e+21	1.86e-08	3.15e-04	3.48e-02	9.44e-02	7.05e-01	1.59e-01	6.87e-03	1.86e-08	3.42e-11	7.25e-12	3.15e-04	1.23e-08	7.05e-34
 3.65615e+21	1.94e-08	3.24e-04	3.56e-02	9.56e-02	7.05e-01	1.57e-01	6.69e-03	1.94e-08	3.60e-11	7.65e-12	3.24e-04	1.28e-08	7.81e-34
 3.67374e+21	2.02e-08	3.33e-04	3.63e-02	9.68e-02	7.05e-01	1.55e-01	6.53e-03	2.01e-08	3.78e-11	8.03e-12	3.33e-04	1.33e-08	8.56e-34
 3.68916e+21	2.08e-08	3.41e-04	3.70e-02	9.78e-02	7.05e-01	1.53e-01	6.39e-03	2.08e-08	3.94e-11	8.36e-12	3.41e-04	1.37e-08	9.27e-34
 3.70273e+21	2.14e-08	3.48e-04	3.75e-02	9.87e-02	7.05e-01	1.52e-01	6.27e-03	2.14e-08	4.09e-11	8.68e-12	3.48e-04	1.41e-08	9.95e-34
 3.71471e+21	2.20e-08	3.55e-04	3.81e-02	9.95e-02	7.05e-01	1.51e-01	6.17e-03	2.19e-08	4.22e-11	8.96e-12	3.55e-04	1.44e-08	1.06e-33
 3.72573e+21	2.25e-08	3.61e-04	3.85e-02	1.00e-01	7.05e-01	1.50e-01	6.08e-03	2.24e-08	4.35e-11	9.23e-12	3.61e-04	1.47e-08	1.12e-33
 3.73648e+21	2.30e-08	3.66e-04	3.90e-02	1.01e-01	7.05e-01	1.49e-01	5.99e-03	2.29e-08	4.47e-11	9.49e-12	3.66e-04	1.50e-08	1.18e-33
 3.74709e+21	2.35e-08	3.72e-04	3.95e-02	1.02e-01	7.05e-01	1.47e-01	5.91e-03	2.34e-08	4.59e-11	9.75e-12	3.72e-04	1.53e-08	1.25e-33
 3.75757e+21	2.40e-08	3.78e-04	3.99e-02	1.02e-01	7.05e-01	1.46e-01	5.82e-03	2.39e-08	4.72e-11	1.00e-11	3.78e-04	1.56e-08	1.32e-33
 3.76792e+21	2.45e-08	3.84e-04	4.04e-02	1.03e-01	7.05e-01	1.45e-01	5.74e-03	2.45e-08	4.85e-11	1.03e-11	3.84e-04	1.59e-08	1.39e-33
 3.77813e+21	2.50e-08	3.90e-04	4.08e-02	1.04e-01	7.05e-01	1.44e-01	5.66e-03	2.50e-08	4.98e-11	1.06e-11	3.90e-04	1.62e-08	1.46e-33
 3.78822e+21	2.56e-08	3.96e-04	4.13e-02	1.04e-01	7.05e-01	1.43e-01	5.58e-03	2.55e-08	5.12e-11	1.09e-11	3.96e-04	1.66e-08	1.54e-33
 3.79818e+21	2.61e-08	4.02e-04	4.18e-02	1.05e-01	7.05e-01	1.42e-01	5.51e-03	2.60e-08	5.26e-11	1.12e-11	4.02e-04	1.69e-08	1.62e-33
 3.80803e+21	2.67e-08	4.08e-04	4.22e-02	1.06e-01	7.05e-01	1.41e-01	5.43e-03	2.66e-08	5.40e-11	1.15e-11	4.08e-04	1.72e-08	1.70e-33
 3.81325e+21	2.72e-08	4.14e-04	4.27e-02	1.06e-01	7.05e-01	1.40e-01	5.36e-03	2.71e-08	5.54e-11	1.18e-11	4.14e-04	1.75e-08	1.79e-33
