#depth	N  1	N  2	N  3	N  4	N  5	N  6	N  7	N  8
 5.00000e+21	1.55e-10	2.89e-06	1.65e-03	3.89e-02	1.12e-01	6.66e-01	1.71e-01	9.65e-03
 1.50000e+22	3.30e-10	5.84e-06	3.14e-03	6.00e-02	1.48e-01	6.57e-01	1.26e-01	5.34e-03
 2.25000e+22	8.69e-10	1.40e-05	6.75e-03	9.71e-02	1.95e-01	6.15e-01	8.35e-02	2.50e-03
 2.62500e+22	1.65e-09	2.45e-05	1.09e-02	1.29e-01	2.26e-01	5.71e-01	6.21e-02	1.50e-03
 2.78125e+22	2.43e-09	3.41e-05	1.42e-02	1.51e-01	2.43e-01	5.40e-01	5.16e-02	1.09e-03
 2.82285e+22	2.70e-09	3.73e-05	1.53e-02	1.57e-01	2.47e-01	5.31e-01	4.89e-02	1.00e-03
 2.84664e+22	2.80e-09	3.85e-05	1.57e-02	1.59e-01	2.49e-01	5.27e-01	4.80e-02	9.70e-04
 2.87758e+22	2.92e-09	4.00e-05	1.62e-02	1.62e-01	2.51e-01	5.23e-01	4.68e-02	9.30e-04
 2.91779e+22	3.12e-09	4.22e-05	1.69e-02	1.66e-01	2.53e-01	5.17e-01	4.54e-02	8.83e-04
 2.97008e+22	3.39e-09	4.53e-05	1.79e-02	1.71e-01	2.57e-01	5.10e-01	4.35e-02	8.25e-04
 3.03804e+22	3.79e-09	4.97e-05	1.93e-02	1.78e-01	2.61e-01	5.00e-01	4.12e-02	7.52e-04
 3.12640e+22	4.38e-09	5.62e-05	2.12e-02	1.88e-01	2.66e-01	4.86e-01	3.81e-02	6.64e-04
 3.24126e+22	5.34e-09	6.62e-05	2.41e-02	2.01e-01	2.72e-01	4.67e-01	3.43e-02	5.60e-04
 3.36017e+22	6.99e-09	8.27e-05	2.87e-02	2.20e-01	2.80e-01	4.41e-01	2.96e-02	4.42e-04
 3.44706e+22	8.89e-09	1.01e-04	3.33e-02	2.37e-01	2.86e-01	4.17e-01	2.58e-02	3.57e-04
 3.50352e+22	1.04e-08	1.14e-04	3.66e-02	2.49e-01	2.90e-01	4.01e-01	2.36e-02	3.10e-04
 3.55771e+22	1.16e-08	1.25e-04	3.92e-02	2.57e-01	2.92e-01	3.89e-01	2.20e-02	2.79e-04
 3.62815e+22	1.36e-08	1.42e-04	4.30e-02	2.69e-01	2.94e-01	3.73e-01	2.01e-02	2.42e-04
 3.71972e+22	1.67e-08	1.68e-04	4.85e-02	2.85e-01	2.97e-01	3.52e-01	1.77e-02	1.99e-04
 3.81731e+22	2.22e-08	2.10e-04	5.69e-02	3.06e-01	2.98e-01	3.24e-01	1.48e-02	1.52e-04
 3.89236e+22	2.90e-08	2.59e-04	6.59e-02	3.26e-01	2.98e-01	2.97e-01	1.24e-02	1.17e-04
 3.94196e+22	3.47e-08	2.98e-04	7.26e-02	3.40e-01	2.97e-01	2.79e-01	1.10e-02	9.75e-05
 3.98882e+22	3.96e-08	3.30e-04	7.77e-02	3.49e-01	2.96e-01	2.67e-01	1.00e-02	8.53e-05
 4.04975e+22	4.73e-08	3.77e-04	8.51e-02	3.62e-01	2.93e-01	2.50e-01	8.88e-03	7.11e-05
 4.12896e+22	6.00e-08	4.52e-04	9.59e-02	3.79e-01	2.89e-01	2.29e-01	7.48e-03	5.54e-05
 4.21133e+22	8.30e-08	5.78e-04	1.12e-01	4.00e-01	2.81e-01	2.00e-01	5.87e-03	3.90e-05
 4.27145e+22	1.11e-07	7.18e-04	1.29e-01	4.17e-01	2.72e-01	1.77e-01	4.68e-03	2.82e-05
 4.30879e+22	1.34e-07	8.25e-04	1.40e-01	4.28e-01	2.65e-01	1.62e-01	4.03e-03	2.28e-05
 4.33827e+22	1.52e-07	9.06e-04	1.48e-01	4.34e-01	2.60e-01	1.53e-01	3.63e-03	1.97e-05
 4.37197e+22	1.74e-07	9.96e-04	1.57e-01	4.40e-01	2.55e-01	1.44e-01	3.26e-03	1.69e-05
 4.41577e+22	2.06e-07	1.13e-03	1.68e-01	4.48e-01	2.48e-01	1.32e-01	2.82e-03	1.37e-05
 4.47272e+22	2.60e-07	1.33e-03	1.85e-01	4.57e-01	2.37e-01	1.17e-01	2.30e-03	1.04e-05
 4.52829e+22	3.57e-07	1.67e-03	2.10e-01	4.66e-01	2.21e-01	9.89e-02	1.73e-03	6.97e-06
 4.56370e+22	4.56e-07	1.99e-03	2.30e-01	4.71e-01	2.09e-01	8.61e-02	1.38e-03	5.08e-06
 4.58407e+22	5.21e-07	2.18e-03	2.42e-01	4.73e-01	2.02e-01	7.97e-02	1.21e-03	4.26e-06
 4.60328e+22	5.73e-07	2.33e-03	2.50e-01	4.74e-01	1.97e-01	7.53e-02	1.10e-03	3.75e-06
 4.62825e+22	6.50e-07	2.54e-03	2.62e-01	4.75e-01	1.90e-01	6.98e-02	9.76e-04	3.17e-06
 4.66071e+22	7.66e-07	2.85e-03	2.77e-01	4.75e-01	1.81e-01	6.30e-02	8.26e-04	2.52e-06
 4.69710e+22	9.61e-07	3.32e-03	2.99e-01	4.74e-01	1.69e-01	5.45e-02	6.54e-04	1.84e-06
 4.72653e+22	1.21e-06	3.89e-03	3.21e-01	4.71e-01	1.57e-01	4.67e-02	5.12e-04	1.32e-06
 4.74491e+22	1.41e-06	4.31e-03	3.37e-01	4.68e-01	1.48e-01	4.20e-02	4.34e-04	1.05e-06
 4.75860e+22	1.56e-06	4.61e-03	3.47e-01	4.65e-01	1.43e-01	3.93e-02	3.89e-04	9.08e-07
 4.77406e+22	1.71e-06	4.91e-03	3.57e-01	4.63e-01	1.38e-01	3.67e-02	3.50e-04	0.00e+00
 4.79416e+22	1.94e-06	5.34e-03	3.70e-01	4.58e-01	1.32e-01	3.35e-02	3.04e-04	0.00e+00
 4.82029e+22	2.29e-06	5.97e-03	3.88e-01	4.52e-01	1.23e-01	2.96e-02	2.50e-04	0.00e+00
 4.84783e+22	2.87e-06	6.94e-03	4.13e-01	4.43e-01	1.12e-01	2.50e-02	1.91e-04	0.00e+00
 4.86849e+22	3.53e-06	7.94e-03	4.35e-01	4.32e-01	1.03e-01	2.13e-02	1.49e-04	0.00e+00
 4.88184e+22	4.03e-06	8.66e-03	4.50e-01	4.25e-01	9.69e-02	1.91e-02	1.27e-04	0.00e+00
 4.89440e+22	4.43e-06	9.21e-03	4.60e-01	4.20e-01	9.28e-02	1.77e-02	1.12e-04	0.00e+00
 4.91071e+22	5.02e-06	9.99e-03	4.74e-01	4.12e-01	8.75e-02	1.60e-02	9.59e-05	0.00e+00
 4.93192e+22	5.95e-06	1.11e-02	4.93e-01	4.01e-01	8.06e-02	1.39e-02	7.70e-05	0.00e+00
 4.95428e+22	7.46e-06	1.29e-02	5.18e-01	3.86e-01	7.19e-02	1.14e-02	5.71e-05	0.00e+00
 4.97112e+22	9.17e-06	1.47e-02	5.40e-01	3.71e-01	6.45e-02	9.50e-03	4.32e-05	0.00e+00
 4.98210e+22	1.05e-05	1.61e-02	5.54e-01	3.61e-01	5.99e-02	8.41e-03	3.58e-05	0.00e+00
 4.99248e+22	1.16e-05	1.71e-02	5.65e-01	3.54e-01	5.68e-02	7.69e-03	3.12e-05	0.00e+00
 5.00597e+22	1.32e-05	1.86e-02	5.78e-01	3.44e-01	5.28e-02	6.81e-03	2.60e-05	0.00e+00
 5.02351e+22	1.57e-05	2.07e-02	5.96e-01	3.30e-01	4.77e-02	5.78e-03	2.02e-05	0.00e+00
 5.04205e+22	2.00e-05	2.41e-02	6.19e-01	3.11e-01	4.14e-02	4.60e-03	1.43e-05	0.00e+00
 5.05613e+22	2.48e-05	2.76e-02	6.40e-01	2.93e-01	3.62e-02	3.71e-03	1.03e-05	0.00e+00
 5.06532e+22	2.88e-05	3.02e-02	6.53e-01	2.81e-01	3.30e-02	3.20e-03	8.22e-06	0.00e+00
 5.07390e+22	3.19e-05	3.22e-02	6.62e-01	2.72e-01	3.09e-02	2.88e-03	7.00e-06	0.00e+00
 5.08507e+22	3.68e-05	3.52e-02	6.73e-01	2.61e-01	2.82e-02	2.49e-03	5.62e-06	0.00e+00
 5.09646e+22	4.44e-05	3.95e-02	6.88e-01	2.46e-01	2.48e-02	2.05e-03	4.17e-06	0.00e+00
 5.10448e+22	5.21e-05	4.36e-02	6.99e-01	2.33e-01	2.23e-02	1.73e-03	3.23e-06	0.00e+00
 5.10951e+22	5.72e-05	4.62e-02	7.06e-01	2.25e-01	2.09e-02	1.56e-03	2.76e-06	0.00e+00
 5.11430e+22	6.16e-05	4.83e-02	7.11e-01	2.20e-01	1.98e-02	1.44e-03	2.46e-06	0.00e+00
 5.12052e+22	6.76e-05	5.11e-02	7.16e-01	2.13e-01	1.86e-02	1.30e-03	2.11e-06	0.00e+00
 5.12862e+22	7.65e-05	5.51e-02	7.24e-01	2.03e-01	1.70e-02	1.14e-03	1.71e-06	0.00e+00
 5.13759e+22	9.04e-05	6.09e-02	7.32e-01	1.91e-01	1.51e-02	9.43e-04	1.29e-06	0.00e+00
 5.14505e+22	1.07e-04	6.74e-02	7.40e-01	1.78e-01	1.33e-02	7.80e-04	9.70e-07	0.00e+00
 5.15029e+22	1.21e-04	7.25e-02	7.45e-01	1.70e-01	1.21e-02	6.78e-04	0.00e+00	0.00e+00
 5.15528e+22	1.32e-04	7.65e-02	7.48e-01	1.63e-01	1.13e-02	6.10e-04	0.00e+00	0.00e+00
 5.16178e+22	1.49e-04	8.22e-02	7.51e-01	1.55e-01	1.03e-02	5.31e-04	0.00e+00	0.00e+00
 5.17022e+22	1.75e-04	9.05e-02	7.55e-01	1.45e-01	9.11e-03	4.38e-04	0.00e+00	0.00e+00
 5.17870e+22	2.17e-04	1.03e-01	7.58e-01	1.31e-01	7.65e-03	3.37e-04	0.00e+00	0.00e+00
 5.18452e+22	2.60e-04	1.15e-01	7.58e-01	1.20e-01	6.60e-03	2.69e-04	0.00e+00	0.00e+00
 5.18814e+22	2.89e-04	1.22e-01	7.58e-01	1.14e-01	6.04e-03	2.35e-04	0.00e+00	0.00e+00
 5.19162e+22	3.13e-04	1.28e-01	7.57e-01	1.09e-01	5.64e-03	2.13e-04	0.00e+00	0.00e+00
 5.19616e+22	3.48e-04	1.36e-01	7.55e-01	1.03e-01	5.16e-03	1.85e-04	0.00e+00	0.00e+00
 5.20205e+22	4.01e-04	1.48e-01	7.51e-01	9.57e-02	4.56e-03	1.54e-04	0.00e+00	0.00e+00
 5.20859e+22	4.86e-04	1.65e-01	7.45e-01	8.60e-02	3.85e-03	1.20e-04	0.00e+00	0.00e+00
 5.21406e+22	5.89e-04	1.84e-01	7.35e-01	7.67e-02	3.23e-03	9.18e-05	0.00e+00	0.00e+00
 5.21789e+22	6.79e-04	2.00e-01	7.26e-01	7.03e-02	2.83e-03	7.51e-05	0.00e+00	0.00e+00
 5.22102e+22	7.54e-04	2.12e-01	7.19e-01	6.58e-02	2.56e-03	6.47e-05	0.00e+00	0.00e+00
 5.22460e+22	8.37e-04	2.25e-01	7.11e-01	6.13e-02	2.31e-03	5.55e-05	0.00e+00	0.00e+00
 5.22925e+22	9.64e-04	2.43e-01	6.98e-01	5.57e-02	2.01e-03	4.50e-05	0.00e+00	0.00e+00
 5.23531e+22	1.16e-03	2.70e-01	6.79e-01	4.87e-02	1.66e-03	3.36e-05	0.00e+00	0.00e+00
 5.24132e+22	1.50e-03	3.10e-01	6.48e-01	4.00e-02	1.26e-03	2.23e-05	0.00e+00	0.00e+00
 5.24534e+22	1.84e-03	3.45e-01	6.18e-01	3.37e-02	1.00e-03	1.58e-05	0.00e+00	0.00e+00
 5.24779e+22	2.08e-03	3.67e-01	6.00e-01	3.03e-02	8.70e-04	1.28e-05	0.00e+00	0.00e+00
 5.25016e+22	2.27e-03	3.84e-01	5.85e-01	2.79e-02	7.81e-04	1.09e-05	0.00e+00	0.00e+00
 5.25324e+22	2.56e-03	4.08e-01	5.64e-01	2.49e-02	6.75e-04	8.71e-06	0.00e+00	0.00e+00
 5.25725e+22	2.99e-03	4.40e-01	5.35e-01	2.13e-02	5.51e-04	6.42e-06	0.00e+00	0.00e+00
 5.26238e+22	3.70e-03	4.86e-01	4.93e-01	1.69e-02	4.15e-04	4.18e-06	0.00e+00	0.00e+00
 5.26751e+22	4.87e-03	5.50e-01	4.33e-01	1.21e-02	2.77e-04	2.27e-06	0.00e+00	0.00e+00
 5.27113e+22	6.14e-03	6.05e-01	3.80e-01	8.90e-03	1.91e-04	1.30e-06	0.00e+00	0.00e+00
 5.27344e+22	7.13e-03	6.40e-01	3.45e-01	7.16e-03	1.48e-04	8.90e-07	0.00e+00	0.00e+00
 5.27518e+22	7.95e-03	6.66e-01	3.20e-01	6.05e-03	1.22e-04	0.00e+00	0.00e+00	0.00e+00
 5.27697e+22	8.72e-03	6.87e-01	2.99e-01	5.22e-03	1.03e-04	0.00e+00	0.00e+00	0.00e+00
 5.27930e+22	9.84e-03	7.15e-01	2.71e-01	4.25e-03	8.13e-05	0.00e+00	0.00e+00	0.00e+00
 5.28224e+22	1.16e-02	7.50e-01	2.35e-01	3.17e-03	5.85e-05	0.00e+00	0.00e+00	0.00e+00
 5.28516e+22	1.42e-02	7.92e-01	1.92e-01	2.13e-03	3.73e-05	0.00e+00	0.00e+00	0.00e+00
 5.28719e+22	1.70e-02	8.23e-01	1.58e-01	1.48e-03	2.48e-05	0.00e+00	0.00e+00	0.00e+00
 5.28835e+22	1.89e-02	8.40e-01	1.40e-01	1.17e-03	1.90e-05	0.00e+00	0.00e+00	0.00e+00
 5.28916e+22	2.01e-02	8.50e-01	1.29e-01	1.01e-03	1.62e-05	0.00e+00	0.00e+00	0.00e+00
 5.29008e+22	2.14e-02	8.58e-01	1.19e-01	8.79e-04	1.38e-05	0.00e+00	0.00e+00	0.00e+00
 5.29127e+22	2.33e-02	8.69e-01	1.07e-01	7.25e-04	1.11e-05	0.00e+00	0.00e+00	0.00e+00
 5.29281e+22	2.61e-02	8.81e-01	9.23e-02	5.56e-04	8.22e-06	0.00e+00	0.00e+00	0.00e+00
 5.29448e+22	3.03e-02	8.95e-01	7.47e-02	3.85e-04	5.41e-06	0.00e+00	0.00e+00	0.00e+00
 5.29579e+22	3.50e-02	9.05e-01	6.02e-02	2.68e-04	3.55e-06	0.00e+00	0.00e+00	0.00e+00
 5.29665e+22	3.87e-02	9.10e-01	5.15e-02	2.07e-04	2.62e-06	0.00e+00	0.00e+00	0.00e+00
 5.29734e+22	4.16e-02	9.12e-01	4.59e-02	1.72e-04	2.10e-06	0.00e+00	0.00e+00	0.00e+00
 5.29813e+22	4.49e-02	9.14e-01	4.06e-02	1.42e-04	1.66e-06	0.00e+00	0.00e+00	0.00e+00
 5.29915e+22	4.98e-02	9.16e-01	3.43e-02	1.09e-04	1.20e-06	0.00e+00	0.00e+00	0.00e+00
 5.30033e+22	5.73e-02	9.16e-01	2.71e-02	7.61e-05	7.68e-07	0.00e+00	0.00e+00	0.00e+00
 5.30137e+22	6.68e-02	9.12e-01	2.07e-02	5.14e-05	0.00e+00	0.00e+00	0.00e+00	0.00e+00
 5.30191e+22	7.58e-02	9.08e-01	1.65e-02	3.78e-05	0.00e+00	0.00e+00	0.00e+00	0.00e+00
 5.30204e+22	7.82e-02	9.06e-01	1.57e-02	3.51e-05	0.00e+00	0.00e+00	0.00e+00	0.00e+00
 5.30209e+22	7.89e-02	9.06e-01	1.54e-02	3.43e-05	0.00e+00	0.00e+00	0.00e+00	0.00e+00
 5.30215e+22	7.96e-02	9.05e-01	1.52e-02	3.36e-05	0.00e+00	0.00e+00	0.00e+00	0.00e+00
 5.30223e+22	8.06e-02	9.05e-01	1.48e-02	3.26e-05	0.00e+00	0.00e+00	0.00e+00	0.00e+00
 5.30233e+22	8.19e-02	9.04e-01	1.44e-02	3.15e-05	0.00e+00	0.00e+00	0.00e+00	0.00e+00
 5.30247e+22	8.36e-02	9.02e-01	1.39e-02	3.00e-05	0.00e+00	0.00e+00	0.00e+00	0.00e+00
 5.30264e+22	8.59e-02	9.01e-01	1.32e-02	2.81e-05	0.00e+00	0.00e+00	0.00e+00	0.00e+00
 5.30284e+22	8.86e-02	8.99e-01	1.25e-02	2.59e-05	0.00e+00	0.00e+00	0.00e+00	0.00e+00
 5.30302e+22	9.17e-02	8.97e-01	1.17e-02	2.39e-05	0.00e+00	0.00e+00	0.00e+00	0.00e+00
 5.30317e+22	9.48e-02	8.94e-01	1.10e-02	2.22e-05	0.00e+00	0.00e+00	0.00e+00	0.00e+00
 5.30329e+22	9.72e-02	8.92e-01	1.05e-02	2.10e-05	0.00e+00	0.00e+00	0.00e+00	0.00e+00
 5.30341e+22	9.95e-02	8.90e-01	1.01e-02	1.99e-05	0.00e+00	0.00e+00	0.00e+00	0.00e+00
 5.30353e+22	1.02e-01	8.89e-01	9.68e-03	1.89e-05	0.00e+00	0.00e+00	0.00e+00	0.00e+00
 5.30369e+22	1.04e-01	8.86e-01	9.19e-03	1.77e-05	0.00e+00	0.00e+00	0.00e+00	0.00e+00
 5.30386e+22	1.08e-01	8.83e-01	8.62e-03	1.64e-05	0.00e+00	0.00e+00	0.00e+00	0.00e+00
 5.30401e+22	1.12e-01	8.80e-01	8.07e-03	1.51e-05	0.00e+00	0.00e+00	0.00e+00	0.00e+00
 5.30413e+22	1.15e-01	8.77e-01	7.63e-03	1.42e-05	0.00e+00	0.00e+00	0.00e+00	0.00e+00
 5.30423e+22	1.18e-01	8.75e-01	7.29e-03	1.35e-05	0.00e+00	0.00e+00	0.00e+00	0.00e+00
 5.30433e+22	1.21e-01	8.72e-01	7.00e-03	1.29e-05	0.00e+00	0.00e+00	0.00e+00	0.00e+00
 5.30445e+22	1.24e-01	8.70e-01	6.68e-03	1.22e-05	0.00e+00	0.00e+00	0.00e+00	0.00e+00
 5.30459e+22	1.27e-01	8.66e-01	6.29e-03	1.14e-05	0.00e+00	0.00e+00	0.00e+00	0.00e+00
 5.30472e+22	1.32e-01	8.62e-01	5.90e-03	1.06e-05	0.00e+00	0.00e+00	0.00e+00	0.00e+00
 5.30484e+22	1.36e-01	8.59e-01	5.56e-03	9.89e-06	0.00e+00	0.00e+00	0.00e+00	0.00e+00
 5.30494e+22	1.39e-01	8.55e-01	5.28e-03	9.37e-06	0.00e+00	0.00e+00	0.00e+00	0.00e+00
 5.30503e+22	1.42e-01	8.53e-01	5.06e-03	8.91e-06	0.00e+00	0.00e+00	0.00e+00	0.00e+00
 5.30513e+22	1.46e-01	8.49e-01	4.82e-03	8.46e-06	0.00e+00	0.00e+00	0.00e+00	0.00e+00
 5.30525e+22	1.50e-01	8.45e-01	4.54e-03	7.93e-06	0.00e+00	0.00e+00	0.00e+00	0.00e+00
 5.30537e+22	1.55e-01	8.40e-01	4.25e-03	7.38e-06	0.00e+00	0.00e+00	0.00e+00	0.00e+00
 5.30547e+22	1.60e-01	8.36e-01	4.00e-03	6.92e-06	0.00e+00	0.00e+00	0.00e+00	0.00e+00
 5.30556e+22	1.64e-01	8.32e-01	3.79e-03	6.55e-06	0.00e+00	0.00e+00	0.00e+00	0.00e+00
 5.30565e+22	1.69e-01	8.28e-01	3.60e-03	6.22e-06	0.00e+00	0.00e+00	0.00e+00	0.00e+00
 5.30573e+22	1.73e-01	8.24e-01	3.42e-03	5.91e-06	0.00e+00	0.00e+00	0.00e+00	0.00e+00
 5.30582e+22	1.77e-01	8.19e-01	3.25e-03	5.58e-06	0.00e+00	0.00e+00	0.00e+00	0.00e+00
 5.30592e+22	1.83e-01	8.14e-01	3.06e-03	5.26e-06	0.00e+00	0.00e+00	0.00e+00	0.00e+00
 5.30601e+22	1.88e-01	8.09e-01	2.87e-03	4.93e-06	0.00e+00	0.00e+00	0.00e+00	0.00e+00
 5.30610e+22	1.94e-01	8.04e-01	2.71e-03	4.64e-06	0.00e+00	0.00e+00	0.00e+00	0.00e+00
 5.30618e+22	1.99e-01	7.99e-01	2.56e-03	4.39e-06	0.00e+00	0.00e+00	0.00e+00	0.00e+00
 5.30625e+22	2.04e-01	7.94e-01	2.42e-03	4.17e-06	0.00e+00	0.00e+00	0.00e+00	0.00e+00
 5.30633e+22	2.09e-01	7.89e-01	2.30e-03	3.96e-06	0.00e+00	0.00e+00	0.00e+00	0.00e+00
 5.30641e+22	2.15e-01	7.83e-01	2.17e-03	3.75e-06	0.00e+00	0.00e+00	0.00e+00	0.00e+00
 5.30649e+22	2.21e-01	7.77e-01	2.04e-03	3.52e-06	0.00e+00	0.00e+00	0.00e+00	0.00e+00
 5.30657e+22	2.27e-01	7.71e-01	1.91e-03	3.31e-06	0.00e+00	0.00e+00	0.00e+00	0.00e+00
 5.30664e+22	2.34e-01	7.64e-01	1.80e-03	3.12e-06	0.00e+00	0.00e+00	0.00e+00	0.00e+00
 5.30671e+22	2.40e-01	7.59e-01	1.70e-03	2.96e-06	0.00e+00	0.00e+00	0.00e+00	0.00e+00
 5.30677e+22	2.46e-01	7.52e-01	1.61e-03	2.81e-06	0.00e+00	0.00e+00	0.00e+00	0.00e+00
 5.30684e+22	2.52e-01	7.47e-01	1.52e-03	2.66e-06	0.00e+00	0.00e+00	0.00e+00	0.00e+00
 5.30691e+22	2.59e-01	7.40e-01	1.43e-03	2.52e-06	0.00e+00	0.00e+00	0.00e+00	0.00e+00
 5.30698e+22	2.66e-01	7.32e-01	1.34e-03	2.36e-06	0.00e+00	0.00e+00	0.00e+00	0.00e+00
 5.30705e+22	2.74e-01	7.25e-01	1.25e-03	2.23e-06	0.00e+00	0.00e+00	0.00e+00	0.00e+00
 5.30711e+22	2.81e-01	7.17e-01	1.18e-03	2.10e-06	0.00e+00	0.00e+00	0.00e+00	0.00e+00
 5.30716e+22	2.88e-01	7.10e-01	1.11e-03	1.99e-06	0.00e+00	0.00e+00	0.00e+00	0.00e+00
 5.30722e+22	2.96e-01	7.03e-01	1.05e-03	1.89e-06	0.00e+00	0.00e+00	0.00e+00	0.00e+00
 5.30728e+22	3.03e-01	6.96e-01	9.88e-04	1.79e-06	0.00e+00	0.00e+00	0.00e+00	0.00e+00
 5.30734e+22	3.11e-01	6.88e-01	9.27e-04	1.69e-06	0.00e+00	0.00e+00	0.00e+00	0.00e+00
 5.30740e+22	3.20e-01	6.79e-01	8.65e-04	1.59e-06	0.00e+00	0.00e+00	0.00e+00	0.00e+00
 5.30746e+22	3.28e-01	6.71e-01	8.08e-04	1.49e-06	0.00e+00	0.00e+00	0.00e+00	0.00e+00
 5.30751e+22	3.37e-01	6.62e-01	7.56e-04	1.41e-06	0.00e+00	0.00e+00	0.00e+00	0.00e+00
 5.30756e+22	3.46e-01	6.53e-01	7.07e-04	1.33e-06	0.00e+00	0.00e+00	0.00e+00	0.00e+00
 5.30762e+22	3.55e-01	6.44e-01	6.61e-04	1.25e-06	0.00e+00	0.00e+00	0.00e+00	0.00e+00
 5.30767e+22	3.64e-01	6.35e-01	6.18e-04	1.17e-06	0.00e+00	0.00e+00	0.00e+00	0.00e+00
 5.30772e+22	3.74e-01	6.25e-01	5.74e-04	1.10e-06	0.00e+00	0.00e+00	0.00e+00	0.00e+00
 5.30777e+22	3.85e-01	6.15e-01	5.33e-04	1.03e-06	0.00e+00	0.00e+00	0.00e+00	0.00e+00
 5.30783e+22	3.96e-01	6.03e-01	4.93e-04	9.67e-07	0.00e+00	0.00e+00	0.00e+00	0.00e+00
 5.30788e+22	4.07e-01	5.92e-01	4.55e-04	0.00e+00	0.00e+00	0.00e+00	0.00e+00	0.00e+00
 5.30793e+22	4.19e-01	5.80e-01	4.19e-04	0.00e+00	0.00e+00	0.00e+00	0.00e+00	0.00e+00
 5.30799e+22	4.32e-01	5.68e-01	3.84e-04	0.00e+00	0.00e+00	0.00e+00	0.00e+00	0.00e+00
 5.30804e+22	4.44e-01	5.55e-01	3.52e-04	0.00e+00	0.00e+00	0.00e+00	0.00e+00	0.00e+00
 5.30809e+22	4.58e-01	5.41e-01	3.21e-04	0.00e+00	0.00e+00	0.00e+00	0.00e+00	0.00e+00
 5.30815e+22	4.73e-01	5.27e-01	2.91e-04	0.00e+00	0.00e+00	0.00e+00	0.00e+00	0.00e+00
 5.30820e+22	4.88e-01	5.12e-01	2.63e-04	0.00e+00	0.00e+00	0.00e+00	0.00e+00	0.00e+00
 5.30825e+22	5.04e-01	4.96e-01	2.37e-04	0.00e+00	0.00e+00	0.00e+00	0.00e+00	0.00e+00
 5.30831e+22	5.20e-01	4.79e-01	2.12e-04	0.00e+00	0.00e+00	0.00e+00	0.00e+00	0.00e+00
 5.30836e+22	5.37e-01	4.63e-01	1.89e-04	0.00e+00	0.00e+00	0.00e+00	0.00e+00	0.00e+00
 5.30841e+22	5.56e-01	4.44e-01	1.67e-04	0.00e+00	0.00e+00	0.00e+00	0.00e+00	0.00e+00
 5.30846e+22	5.74e-01	4.26e-01	1.47e-04	0.00e+00	0.00e+00	0.00e+00	0.00e+00	0.00e+00
 5.30852e+22	5.94e-01	4.06e-01	1.28e-04	0.00e+00	0.00e+00	0.00e+00	0.00e+00	0.00e+00
 5.30857e+22	6.14e-01	3.86e-01	1.11e-04	0.00e+00	0.00e+00	0.00e+00	0.00e+00	0.00e+00
 5.30862e+22	6.35e-01	3.65e-01	9.58e-05	0.00e+00	0.00e+00	0.00e+00	0.00e+00	0.00e+00
 5.30868e+22	6.58e-01	3.42e-01	8.16e-05	0.00e+00	0.00e+00	0.00e+00	0.00e+00	0.00e+00
 5.30873e+22	6.80e-01	3.20e-01	6.87e-05	0.00e+00	0.00e+00	0.00e+00	0.00e+00	0.00e+00
 5.30878e+22	7.04e-01	2.96e-01	5.73e-05	0.00e+00	0.00e+00	0.00e+00	0.00e+00	0.00e+00
 5.30884e+22	7.27e-01	2.73e-01	4.71e-05	0.00e+00	0.00e+00	0.00e+00	0.00e+00	0.00e+00
 5.30889e+22	7.52e-01	2.48e-01	3.82e-05	0.00e+00	0.00e+00	0.00e+00	0.00e+00	0.00e+00
 5.30894e+22	7.76e-01	2.24e-01	3.05e-05	0.00e+00	0.00e+00	0.00e+00	0.00e+00	0.00e+00
 5.30900e+22	8.00e-01	2.00e-01	2.38e-05	0.00e+00	0.00e+00	0.00e+00	0.00e+00	0.00e+00
 5.30905e+22	8.24e-01	1.76e-01	1.84e-05	0.00e+00	0.00e+00	0.00e+00	0.00e+00	0.00e+00
 5.30910e+22	8.47e-01	1.53e-01	1.38e-05	0.00e+00	0.00e+00	0.00e+00	0.00e+00	0.00e+00
 5.30915e+22	8.69e-01	1.31e-01	1.02e-05	0.00e+00	0.00e+00	0.00e+00	0.00e+00	0.00e+00
 5.30921e+22	8.89e-01	1.11e-01	7.30e-06	0.00e+00	0.00e+00	0.00e+00	0.00e+00	0.00e+00
 5.30926e+22	9.08e-01	9.23e-02	5.11e-06	0.00e+00	0.00e+00	0.00e+00	0.00e+00	0.00e+00
 5.30931e+22	9.25e-01	7.51e-02	3.51e-06	0.00e+00	0.00e+00	0.00e+00	0.00e+00	0.00e+00
 5.30937e+22	9.41e-01	5.93e-02	2.31e-06	0.00e+00	0.00e+00	0.00e+00	0.00e+00	0.00e+00
